0
1
8
9
10
11
19
20
21
22
23
28
29
36
37
56
57
62
63
64
65
66
67
70
71
74
75
76
77
82
83
88
89
92
93
98
99
112
113
118
119
138
139
142
143
152
153
154
155
158
159
160
161
162
163
172
173
178
179
184
185
186
187
192
193
194
195
198
199
206
207
212
213
216
217
220
221
224
225
230
231
232
233
236
237
238
239
244
245
254
255
258
259
266
267
282
283
288
289
294
295
296
297
300
301
306
307
322
323
330
331
346
347
352
353
354
355
366
367
398
399
408
409
412
413
430
431
476
477
480
510
522
523
528
529
534
535
537
564
565
576
577
617
637
650
651
694
707
712
713
718
719
733
756
757
786
787
801
802
803
820
821
894
895
899
909
932
933
940
941
949
958
959
966
988
989
990
991
1012
1013
1036
1037
1040
1041
1050
1124
1125
1132
1133
1138
1139
1183
1196
1197
1202
1203
1258
1260
1261
1294
1295
1296
1297
1312
1313
1335
1383
1386
1387
1410
1411
1416
1417
1431
1439
1498
1500
1501
1506
1507
1512
1513
1514
1515
1528
1529
1530
1531
1556
1557
1583
1584
1585
1614
1620
1621
1632
1651
1680
1681
1684
1685
1717
1750
1751
1770
1771
1806
1807
1834
1835
1874
1969
1990
2060